x <- c(1, 2, 3)
y <- c(2, 4, 6)

x + y

<<<<<<< HEAD
#Dalia
x * y
x / y
=======
# Dalia
x * y
x / y 
>>>>>>> 9fb403e8f5b2ade47b5da097c596523f287ce792
